4 74 8985469 8
56950 59180 945 95
83818 9 2 52
 26
 54 7852 0 7 286 36 7264
5 336628236 1 3099
85
 7 044 78813 3 4
 422 6 6 5 04 90 2
1 8 9 2 58 3 2 495 1 0543
2 802509 088 220 15 32
5 08314 46
9644 3384 1 1 801
25 2 1 7019693121
 80 2 052 5 69 68674072 5
6902 86 3
20 79
 2 88
748868147
10
7349 149 124 86 50
905 17 0
52178 9 58
76
46 237 5 9 543575 62
 5033800 01512 561
 83 9
4 21 8888989
7535 235 38 23 376
2204 6771 88 9 8 2936
 67 146 5724980 9 0
79 25132415 49
461 1 91 03 5 03 435 80
 498 8 4793
 4 47411 031814959 6 5
 33 536
6 9 41410809 0 44 50 3 55
66606008 741529359
95
2643866 81 2 69 06
820
37 62333 9 790 10
 305 055154796
30 0 9115762
 65
8
7130 06350 5812
1
6 836
45578 992 7 8698501
 8305
 98661 4 89 07 82 2
85 0 85 24
8479 00 374
309 67 1216 85
3385 7
 35298549 6 3 2
704 88 1 21 6 1 9 401 95
 28 64 430 8 5 87
14460330 1 3978 0
8 7462 643235 94 67
7 130433
 189711
57 65 660 9 75757 1
 1 288303 3004 96507 81
295 43 127 51 78 085 7 1 1
 916 6 920
 31 5 017 2 5 17 8 7
996915564783 63 744
7 1 07 63 0 853
16 9 223 17
 78
 149672 6
 2 92 2828135865 504 1
8 14823 5643 6573 144
 743 0 03
4684
2130 08 36 4001
2761 1 843 2
 18 2 9 3 6199 3 1
 31 227953 54
95 1 67 63 7 150718
229624 41
561754007
4
76371 42
607 5 50 06080
1233
4 5
56 64 27 20063
9 59682 2
 43 81 34633 1 23435 83 0
47 8 64 2863
 34611 851
677 0 7029 9 9587 34
7 2 345581 0 9 611 1457
5
57314
145
8 72 475 51 1976
